toxicity_gen: 0.37373890598424625
toxicity_orig: 0.49982607206162355
perplexity_gen: 200.2588962125778
perplexity_orig: 312.8366569709778
bertscore: 0.9673341932892799
meaningbert: 90.35996794700623
bleu4: 74.82210205861085
