toxicity_gen: 0.2513202368997554
toxicity_orig: 0.4998260676877362
perplexity_gen: 156.66710312366484
perplexity_orig: 312.83592654705046
bertscore: 0.9625563022494316
meaningbert: 87.3112678527832
bleu4: 71.71756360143183
