toxicity_gen: 0.16889041005790892
toxicity_orig: 0.9771397517339622
perplexity_gen: 323.4124468762189
perplexity_orig: 354.81846606642586
bertscore: 0.9475076117742968
meaningbert: 83.72224569320679
bleu4: 58.06722042930158
