toxicity_gen: 0.03924082722830195
toxicity_orig: 0.9771397442982155
perplexity_gen: 223.89221068537182
perplexity_orig: 354.81836553124486
bertscore: 0.9351542426825635
meaningbert: 80.43691515922546
bleu4: 49.58202781389661
