toxicity_gen: 0.02519506415233991
toxicity_orig: 0.050521762808366476
perplexity_gen: 86.85054580688477
perplexity_orig: 108.89695592880248
bertscore: 0.9798611283302308
meaningbert: 94.67403888702393
bleu4: 77.26365676505723
